timeStamp,elapsed,label,responseCode,responseMessage,threadName,dataType,success,failureMessage,bytes,sentBytes,grpThreads,allThreads,URL,Latency,IdleTime,Connect
1672903975493,914,sub-login,200,OK,NormalLoginFlow 1-1,text,true,,341,259,1,1,https://testapi.logiqids.com/v2/sub-user/login/,914,0,540
1672903976409,105,sub-user,200,OK,NormalLoginFlow 1-1,text,true,,1182,521,1,1,https://testapi.logiqids.com/v2/user/662943/sub-user/,17,0,0
1672903976409,17,sub-user-0,301,Moved Permanently,NormalLoginFlow 1-1,text,true,,206,260,1,1,https://testapi.logiqids.com/v2/user/662943/sub-user,17,0,0
1672903976428,86,sub-user-1,200,OK,NormalLoginFlow 1-1,text,true,,976,261,1,1,https://testapi.logiqids.com/v2/user/662943/sub-user/,86,0,0
1672903976515,105,userProfile,200,OK,NormalLoginFlow 1-1,text,true,,1360,260,1,1,https://testapi.logiqids.com/v1/user/662945/profile/,105,0,0
1672903976621,21,getTestState,200,OK,NormalLoginFlow 1-1,text,true,,248,263,1,1,https://testapi.logiqids.com/v2/user/662945/test_state/,21,0,0
1672903976643,71,get-priority,200,OK,NormalLoginFlow 1-1,text,true,,445,273,1,1,https://testapi.logiqids.com/v3/user/662945/gamification/content/,71,0,0
1672903976715,33,updateModal,200,OK,NormalLoginFlow 1-1,text,true,,1281,260,1,1,https://testapi.logiqids.com/v1/user/662945/updates/,33,0,0
1672903976749,24,menu,200,OK,NormalLoginFlow 1-1,text,true,,519,257,1,1,https://testapi.logiqids.com/v1/user/662945/menu/,24,0,0
1672903976774,65,referral_page,200,OK,NormalLoginFlow 1-1,text,true,,17709,266,1,1,https://testapi.logiqids.com/v1/user/662945/referral/page/,65,0,0
1672903976840,60,olympiadTestCard,200,OK,NormalLoginFlow 1-1,text,true,,1629,266,1,1,https://testapi.logiqids.com/v1/user/662945/web/dashboard/,60,0,0
1672903976900,21,dashboardUpsell,200,OK,NormalLoginFlow 1-1,text,true,,263,269,1,1,https://testapi.logiqids.com/v1/user/662945/dashboard/upsell/,21,0,0
1672903976922,13,checkLQLiveUpsell,200,OK,NormalLoginFlow 1-1,text,true,,278,274,1,1,https://testapi.logiqids.com/v3/user/662945/lqlive/dismiss-upsell/,13,0,0
1672903976936,9,moengageAttributes,200,OK,NormalLoginFlow 1-1,text,true,,246,272,1,1,https://testapi.logiqids.com/v4/user/662945/moengage/attributes/,9,0,0
1672903976946,97,extras,200,OK,NormalLoginFlow 1-1,text,true,,1166,258,1,1,https://testapi.logiqids.com/v1/user/662945/extra/,97,0,0
1672903977044,139,getResults,200,OK,NormalLoginFlow 1-1,text,true,,6033,265,1,1,https://testapi.logiqids.com/v1/user/662945/test/results/,139,0,0
1672903977185,145,testLeaderboard,200,OK,NormalLoginFlow 1-1,text,true,,9228,269,1,1,https://testapi.logiqids.com/v1/user/662945/test/leaderboard/,145,0,0
1672903977331,10,getQuestionsSummary,200,OK,NormalLoginFlow 1-1,text,true,,311,274,1,1,https://testapi.logiqids.com/v1/user/662945/test/question-summary/,10,0,0
1672903977342,130,getQuestionWiseAnalysis,200,OK,NormalLoginFlow 1-1,text,true,,29531,272,1,1,https://testapi.logiqids.com/v1/user/662945/test/results/report/,129,0,0
1672903977472,12,test-state,200,OK,NormalLoginFlow 1-1,text,true,,310,274,1,1,https://testapi.logiqids.com/v3/user/test-tab/,11,0,0
